label,prediction
4.655,2.1105518862679293
4.086666666666667,2.664445874742367
7.5,5.458853871514594
6.6925,1.7865018283965488
27.566666666666663,3.5673954854663505
8.25,4.179140319001993
1.78,3.926022688229326
4.75,3.264463301760817
3.49,2.4376433258435073
1.17,2.0674381814261893
2.22,2.977074760281705
9.516428571428571,2.9009158211403165
1.24,5.722695564908658
1.15,5.16662351314886
0.92,2.65112842432341
10.0,2.640471611847704
2.28,2.3709296956136203
0.8825000000000001,1.3098938194227958
2.7,1.6276097546565504
3.81,2.8207734392307326
3.27,3.180429136858788
3.1,5.9691806373306076
2.1,1.5700586968296655
9.9,4.1339480275393745
7.4775,3.222135599993288
4.7425,2.9005702764119663
3.8,1.8298905159114525
2.13,2.464996315511197
29.775,23.049978657602658
7.61,2.545987611105651
108.125,106.27975402521749
2.85,2.258726949772417
15.0,11.422422382737594
0.4,2.628888532268405
8.003125,10.834277009498203
5.483333333333333,4.419251763266602
3.8,4.872534089165639
2.95,3.2332303516290457
91.2,86.76791296274915
91.62035714285716,80.34626157913468
8.6,3.2737046700879073
3.2,3.5666354848356487
1.78,2.6377752595857324
11.0225,3.954109859858059
3.82,3.3514023763742244
0.94,1.7548980383594206
0.7150000000000001,1.856822354950042
88.155,81.69886523586794
2.39,2.509329435723064
1.76,2.8852710801020316
0.87,1.944489262544017
1.65,2.2532716314422974
1.3,4.54427580075754
3.57,8.374908728593589
92.0,83.33710007875568
2.786666666666666,6.185557646187537
50.0,5.742457234655841
5.9,3.3966192756519584
9.985,8.36589058847528
86.5,78.38478003375863
0.93,3.5973162238190657
3.7,4.200945207437737
3.875,7.372282944967525
11.4,3.3814741804720367
2.0,5.879657850264642
0.58,2.8764906903516283
1.04,2.5004277274394577
2.6,3.072898597811047
5.492222222222222,4.565472766455025
1.4,3.5600824569360374
2.5,1.9421379296945471
6.3582857142857145,4.531156325484032
0.35,2.8950891698398413
1.85875,1.5372042294828718
3.575,2.539073340255757
3.3294444444444444,5.647746640192766
5.878461538461538,3.6725969453635896
7.5,3.3048662081341744
2.76,2.060635798605248
1.24,3.3888377048945917
3.1333333333333333,3.240506736602823
35.0,7.600525256754531
0.914,1.9609195953939191
0.30475,1.7928144464048619
1.3066666666666666,4.2140690329193085
40.0,3.5776179749175623
7.0,2.2173074524799476
3.7,79.47147255153266
6.38,2.55964638380797
0.39,1.9821446522676185
1.58,2.437621480333744
1.625,0.633218394668044
3.05,2.346908694859701
1.07,2.1946628774499324
34.0,2.758898924963279
3.755,2.0674381814261893
2.04,2.6174419065919126
4.226666666666667,2.1871460657493738
3.19,4.306113077881247
2.1792,2.083117520533072
3.32,2.142739557541989
2.3,2.2780489811458766
0.135,0.447432816588193
1.65,3.593861949612254
6.76,4.275900445803244
3.4,3.622617363830938
3.26,6.722261564339659
5.8,7.6213207054897465
8.0,7.03924702365679
69.3,73.16921332974385
3.47,4.224851309044281
4.189,2.400513895640825
2.3,3.8993535471575274
0.97,2.3270336861479852
1.315,4.388971887381263
3.6,2.0408313515432814
2.145,2.924052737164792
2.79,2.398432921098922
3.075,3.5502239504694195
2.55,2.631222857645894
2.98,5.343699937528191
7.03,3.883766922212729
3.2,3.692637546015665
3.3,5.478527111767487
0.82,2.9896061409226653
4.4,2.0471747670691656
1.4,76.52074631501591
1.48,2.5018819270329726
0.8,1.993519415508163
71.0,76.20461892072396
5.0,3.9417103151364032
3.65,1.8676997281072367
6.7,3.117002848713655
1.68,4.50561146657103
0.42,0.9461382996442849
5.09,1.6368725585154265
0.6766666666666666,2.1409403673274703
3.0,3.690672785340852
31.5,25.87842052782515
20.125,13.27015979063063
0.69,1.1961092910093567
2.22,3.6661349742068023
2.7700000000000005,1.4901735021475002
2.12,1.501388341226516
4.35,2.8036455804118297
6.859999999999999,3.8945063134064823
6.0,15.98155468292696
1.2,3.7579250634230745
69.35,67.34329092709517
1.23,3.9349423521277354
2.97,3.8521680618691763
1.6,2.631222857645894
4.1,4.623389319457434
3.583333333333333,2.3876496986411935
48.0,7.942282600979365
11.233333333333334,2.445861855394531
5.933333333333334,7.767334253342224
2.3,2.9657883457437477
1.1,4.037273364418562
7.497,2.545987611105651
2.065,2.0471747670691656
0.6692222222222222,2.802120394078521
0.935,1.4802140891039193
3.9,7.945772074003589
