label,prediction
3.47,3.7684859349895454
0.0241,5.624911895196801
7.0,1.7727290218091307
2.1,2.2719269287965185
6.125,2.821435404967577
2.3,2.9579175590998696
3.1,2.740158988210103
3.74,2.653990409489483
1.72,3.0483283550261695
33.0,35.030451599238674
6.641666666666667,3.8197996342204386
3.875,5.386881526468286
4.35,2.9381484464798215
1.0,1.1568115583860825
12.0,13.933982722260925
2.3,3.3115720932923374
28.0,76.85066431593756
2.38,3.6207040552350347
5.977142857142858,4.862969209213285
1.07,2.649934516043861
3.9,3.6272278669242985
6.2,2.2041985324564983
5.8,3.423980521492958
4.2375,3.090495084759202
1.2,3.8539947913003663
0.37,2.2929467146111913
3.895428571428572,16.22326336051246
0.73,1.8646389081251735
2.9,1.7901053287013848
1.5499999999999998,2.633037789195644
6.91125,5.738482729758235
123.5,123.82054223692685
11.233333333333334,2.388178110428995
5.323333333333333,2.9775313891411885
2.32,1.6380968857407294
2.6475,3.081586102392318
0.155,3.071797010492679
3.7,4.28985412794618
0.3566666666666667,1.4422278411475624
7.846666666666667,3.8433281893315137
2.4933333333333336,1.8259929570825855
5.82,6.046476088778634
0.735,0.5953769920847382
2.33,2.5002405577771936
4.4,2.3284703768694976
48.0,10.670230461808915
4.53,4.810105747487024
0.58,1.809158828708891
0.13,3.8652899487128627
0.41,2.383071677985092
6.496666666666666,8.19184948238013
3.5,2.9037312169155776
91.2,85.52377449148914
2.82,2.3702880221025646
0.25,3.6498420051348344
2.04,2.6857937173975484
0.07,2.37888973847346
110.0,56.89218553369588
6.923333333333333,2.0689428855523113
3.583333333333333,3.820112351836702
0.48,3.239877010763275
2.425,2.736835075631603
5.5,4.612258879877871
0.135,5.089734473049421
2.425,4.589559858955557
2.7099999999999995,5.995458231798963
0.9066666666666666,1.6249888422569958
4.81,5.643408877854858
4.3,4.910758352560488
0.435,3.735543376223567
5.7,2.630618380377041
2.0,3.6744785426647666
6.0,2.11304071282682
5.75,4.3633415583345645
1.86,2.695138063224315
1.85,2.061420558645121
88.155,85.12655497627031
1.675,3.7186402011464414
3.25,2.4304733334280026
5.62,2.8166528216472475
2.27,3.0507439557398914
4.216666666666667,4.2349429082780325
0.9,1.9791007144996546
2.13,2.5340178073224537
0.42,2.2285557674462764
2.47,2.83075383108777
11.8,15.337394467945247
2.8920000000000003,2.1245432948767027
0.46,7.454562235933788
1.8,3.054074190957885
25.5,6.292602393820097
1.52,2.538752662915057
4.55,3.706076826255708
7.27,6.620178399556268
1.2,2.0111471657003523
2.76,2.500439810578554
0.8,3.1969245214957542
2.38,2.113201828175578
0.75,2.1417168836676317
1.12,2.4070611419663064
1.3,6.193643809560158
2.3,14.449557686179768
3.6,2.1408776156774456
1.4,6.0056990526902805
0.58,2.6524381966557407
91.62035714285716,85.52377449148914
89.762,85.52377449148914
4.25,4.987586182859983
8.253333333333332,2.1241090766018367
1.3,0.7293360418168686
1.7,2.6581775901342435
1.85,3.5626041695282384
1.9,3.9065025829398086
34.0,31.939294047198793
10.0,2.762626304632363
4.635,2.8897448578816616
1.0,2.6795046751982095
2.0516666666666663,1.9040042620368114
0.8825000000000001,2.7070957700941944
2.1300000000000003,2.797657842879402
3.35,3.338752309100066
3.15,2.970482939259436
5.9,2.3747297373793517
1.83,2.9828351178213475
0.92,1.8658090077450724
3.7,1.800277116798635
90.7,83.45904486065848
11.796666666666669,2.9576966578115376
1.61,0.9643348580293579
0.86,1.80321182625869
0.8,2.654172031115878
9.5,4.382683845608603
0.87,1.6549267632240827
118.05,79.87338152541457
4.993333333333333,3.706076826255708
3.5,3.280112266593553
6.0,2.4370909205090148
1.4,4.590051215568554
4.25,3.5544532324393874
2.1,2.748340325653233
0.85,2.359964550977778
1.2,1.8608770166114692
86.13181818181819,85.52377449148914
1.07,2.5415352901962427
11.0225,4.2186635464789655
0.9,1.5092919357384886
2.686666666666666,2.421111108164975
0.22,1.3396608209489296
6.0,2.11984716560666
2.87,2.2873994175730634
0.41,3.106905579655415
2.28,2.5002405577771936
2.7,2.59069566403543
2.55,4.428720668490849
7.61,2.5658144400005582
4.4,2.922245767772326
5.7,2.7206411976082614
6.1,2.278999874119164
8.0,4.591555980019491
35.0,2.934169624016023
4.655,7.328946690636424
0.69,0.459186370566542
7.497,2.5658144400005582
0.4549999999999999,1.6082857104481074
