label,prediction
1.47,15.761920808871922
1.4,4.419738165565109
6.0,3.256947273557722
1.342,0.9610534582660885
1.35,2.3846883405935797
1.835,2.6324133945866155
3.5866666666666664,3.005279615119463
2.3,2.1382813056896324
7.846666666666667,5.191479208130673
2.75,3.9669263424560115
11.165,2.0532442228848797
2.1,2.6367959405058947
1.9,2.102579016075303
2.98,3.399076878685428
1.7,2.921657980038338
25.0,12.131603275618938
20.125,18.660268049505927
3.1333333333333333,8.06169806055133
2.1300000000000003,4.585319047731222
1.545,2.8977418650483986
0.46,2.745950678846918
6.0,20.81179968941684
1.6,4.0117048220971645
8.0,3.868627448080923
1.62,1.9386084206472722
2.65,5.183290294443622
0.85,1.5243180997447867
0.67,2.811815304059903
0.87,2.215824759896582
0.0049879999999999,3.430422620848325
5.09,6.199598002330322
2.38,2.3369989376966083
4.1,2.9760531427077956
0.1733333333333333,2.0143482309943375
6.3,3.5651706708259354
2.04,2.570251867437375
1.15,1.496096168509274
3.075,5.505831063925927
8.946666666666667,2.3593330034761792
4.425,2.499584384398748
2.0,2.806219849880746
0.58,2.9115964438913258
3.23,1.8726379131412065
5.5,3.9633749399368883
3.025,2.5457359519430636
0.7150000000000001,2.345166450560752
1.675,3.761483013034452
1.07,2.167640910762372
4.4,2.1388125459846936
3.2,2.810635025288775
2.1166666666666667,2.4815435674984396
14.85625,9.62688480749797
6.09,2.1180534401936386
3.35,8.352860616004762
1.1,4.374821361108761
7.5,6.954332958033154
1.3,1.1734873718530592
0.6766666666666666,0.31402715602019615
3.66,2.636165425705261
0.14,2.04732718039958
1.61,1.8378645796272057
7.7,4.29157136316115
2.35,3.045427121776844
16.461333333333336,15.003284617051893
7.5,3.5860613938905117
15.89,16.222031505219192
0.9,2.0155175527585203
5.8,3.080402845717408
3.6,3.2428251486081194
5.6,9.508457935755414
2.1,2.6660034346236134
0.35,2.5151363519659067
1.35,3.389986632664156
0.75,2.8819259305810814
2.59,1.9290611273586942
9.516428571428571,2.557712600224905
2.66,1.3236503030929465
3.575,4.650866439810632
5.42076923076923,10.01671073277425
0.72,2.8275934820666984
2.1,3.064597286545174
1.85875,1.687610712503263
2.47,2.167640910762372
0.066,51.956411313994494
0.32,4.780472629579005
0.7,4.110151879946997
5.0,3.6901633515337875
3.2,2.572827273042251
6.7,5.199317650662747
110.0,69.8593454812038
1.0,3.3126388319835725
2.55,2.983607035282965
3.82,2.8373226093244748
4.25,4.477355954594708
4.75,4.228269150242184
3.895428571428572,9.312035116558139
6.2,2.860723661335645
2.28,2.336147997136399
2.2,2.297141887930937
9.5,4.879025931184947
0.914,1.5802326208746127
3.9,2.9984738715970267
0.6692222222222222,1.661547797725675
4.1,2.03677361412791
1.24,3.357105997401515
6.09,5.174432731850216
3.35,2.5852344777174254
4.7,2.2852668676861367
1.9,3.588935541426237
69.35,65.54886215537147
2.3,2.899256066518635
108.125,69.96268408349553
5.254285714285714,6.164736819375632
0.9,2.5092991439799603
5.7,2.7787718287571574
31.5,24.19200470461466
86.5,73.66574109646801
1.0833333333333333,1.687610712503263
5.7,5.265514630913469
3.175,2.7253434763435966
1.17,2.5056067368588355
0.75,1.862985149240981
48.0,52.23869075007204
3.1,2.4705896685953124
3.9,5.731301683004524
2.98,3.40838716739116
2.09,3.068195153773582
6.15,2.1180534401936386
3.1,3.7515913407992505
2.82,2.1251170596578803
0.58,1.4293734233604916
0.9,1.506851463319877
2.89,1.7080738636761414
1.415,3.255420951093478
8.2,4.104897858409659
3.3,10.544699366052509
4.6,1.6579536291784018
3.15,3.453725387039652
0.435,5.102836284648143
11.0,6.578363639664632
7.6,7.059384188769034
70.0,58.531207748505935
6.0,4.650911882043367
1.4,2.780828549652426
1.04,2.4062311629659714
1.0,1.9770392566730979
2.4933333333333336,2.4062311629659714
8.5,5.073449149725307
11.233333333333334,4.43354765501972
6.8,37.87724149153011
2.425,3.3897993420749093
11.4,5.096342000254472
4.75,3.3619427051236017
0.73,2.19624941518402
7.833333333333333,2.265706432231855
3.76,2.285929266941182
2.91,2.404297373896965
71.0,10.173027439303636
2.7,2.0198537989238834
2.2,4.179313097372599
5.4,2.100528539167256
1.5666666666666669,3.1123456352554064
2.0516666666666663,0.9611345800373766
13.0325,5.6166066185295875
