label,prediction
1.47,-5.9393883622230454
1.4,9.64401738470944
6.0,1.3716315087600037
1.342,26.42537044709673
1.35,-0.529820169221864
1.835,7.230863788502148
3.5866666666666664,27.120638708393578
2.3,-4.680627203503008
7.846666666666667,-3.9075216476411754
2.75,4.01633815218754
11.165,1.1340654883356684
2.1,4.8169275643684735
1.9,3.7923508573973095
2.98,4.223450860666368
1.7,13.343299965588262
25.0,28.689316150893326
20.125,32.69149518655236
3.1333333333333333,-1.0759259301811248
2.1300000000000003,8.779166468504624
1.545,0.583257263372051
0.46,4.617692046815609
6.0,41.82328086169485
1.6,7.442367234946879
8.0,5.427738288233542
1.62,19.755209614667766
2.65,2.2494176337927954
0.85,-4.317556879186142
0.67,1.243279183703823
0.87,0.8018838397621479
0.0049879999999999,19.67201033796363
5.09,-2.406440368783052
2.38,4.557912532699472
4.1,6.531560748342912
0.1733333333333333,4.177164653265617
6.3,8.983610301412424
2.04,-0.9416176075398184
1.15,-3.39823946946834
3.075,7.433255908695308
8.946666666666667,0.19748297196450793
4.425,2.5293063712359327
2.0,9.230102907562905
0.58,-1.258823816627384
3.23,4.122156654932539
5.5,3.490350576391208
3.025,-1.1491020789709943
0.7150000000000001,3.28305343490085
1.675,0.9206963620725759
1.07,4.583815560995035
4.4,-4.598048107925635
3.2,-0.16019702943427205
2.1166666666666667,-4.60430677217208
14.85625,6.564102289622495
6.09,4.601744398811665
3.35,-2.816435259736469
1.1,8.033187677828698
7.5,-11.322547265824017
1.3,-7.483440209150167
0.6766666666666666,-2.2407332039785004
3.66,1.326469891327239
0.14,-3.12008202056467
1.61,-2.9793879949446236
7.7,-12.76820696519615
2.35,6.110753267989919
16.461333333333336,2.6570066152002383
7.5,13.937357128383546
15.89,6.49091777819665
0.9,-4.5694856905456085
5.8,12.021696584943403
3.6,2.182738350509709
5.6,13.965016231650235
2.1,2.1779230221849666
0.35,5.435423108959169
1.35,-4.610236198211545
0.75,4.519744880785531
2.59,8.637189452673766
9.516428571428571,4.724380947921276
2.66,3.1043414077402858
3.575,1.06902216983233
5.42076923076923,9.513939573569147
0.72,9.392777967266115
2.1,14.006559960598237
1.85875,4.97388113168774
2.47,-1.5340550049044488
0.066,-4.041475612598578
0.32,-18.064477903140038
0.7,2.630968153791457
5.0,-0.05149031195342957
3.2,0.9311238142061988
6.7,5.193390051828388
110.0,55.634704102700724
1.0,18.037117898677305
2.55,2.8864440023155638
3.82,5.490706451343279
4.25,11.338787861083567
4.75,2.904937198445886
3.895428571428572,8.910421840547084
6.2,2.42933814790959
2.28,8.002999773111318
2.2,6.526125571660534
9.5,2.0925308720125457
0.914,0.9133197483898599
3.9,3.1554981532445794
0.6692222222222222,-3.2659753217340217
4.1,0.2172116756524538
1.24,-3.3602482384231784
6.09,4.11273593926469
3.35,-3.5480152124638664
4.7,3.1647450945650775
1.9,-10.643386148183353
69.35,60.96346926523351
2.3,0.6821922027028364
108.125,62.05876831374883
5.254285714285714,4.360180367185494
0.9,9.132133710813557
5.7,0.8893372416675724
31.5,25.632512303047243
86.5,76.52227253947888
1.0833333333333333,9.608577304561273
5.7,1.4508246524639254
3.175,8.970792672473637
1.17,3.278774859781951
0.75,1.2300522335847042
48.0,47.713559668740814
3.1,2.852272825570701
3.9,12.823168151722362
2.98,0.1650907077268684
2.09,2.7375587656891405
6.15,-20.305692359447605
3.1,4.958771999397886
2.82,3.4822059783584223
0.58,5.8472000761390035
0.9,1.6700711376100585
2.89,10.560115911580272
1.415,5.5122906765268045
8.2,0.7839662678580481
3.3,5.654945499591937
4.6,-0.2467614221437131
3.15,1.0229030090446614
0.435,2.846964143364403
11.0,28.24053362713819
7.6,11.073734771730422
70.0,76.99820094754935
6.0,33.41616230959617
1.4,15.840659242461328
1.04,1.119264171876118
1.0,4.155475356604883
2.4933333333333336,-0.2878709999796598
8.5,-10.346674152416856
11.233333333333334,6.3908259818083355
6.8,14.620761379774807
2.425,0.8964160635822473
11.4,1.9198101111643737
4.75,-1.8657058924712544
0.73,-6.304957908395409
7.833333333333333,14.700963949680476
3.76,3.5086396507008395
2.91,4.267282403527258
71.0,49.14226392815992
2.7,-0.8248138423727056
2.2,10.268014895018784
5.4,5.0895694939159455
1.5666666666666669,9.395073342588205
2.0516666666666663,-5.286836705402891
13.0325,-2.5547633990792846
