label,prediction
3.47,10.5044071935226
0.0241,-1.3558612163813493
7.0,6.344695744987527
2.1,-6.346141178182048
6.125,0.8249678894782981
2.3,2.1095885002109718
3.1,3.4385847783757733
3.74,-11.879395734034834
1.72,4.528265778102368
33.0,12.644745185275376
6.641666666666667,8.543747349242572
3.875,8.383969522852588
4.35,2.2508474069055247
1.0,2.08225409739676
12.0,21.36522212480159
2.3,1.835631992465629
28.0,64.9570988266336
2.38,0.5835567420844505
5.977142857142858,2.4064229309727985
1.07,5.228179475622699
3.9,5.379515692080446
6.2,0.9061032757580776
5.8,16.42800179938598
4.2375,12.606175091565376
1.2,1.380305445497303
0.37,0.19140487428230202
3.895428571428572,13.245615868711859
0.73,-5.462065166032083
2.9,14.887564182665676
1.5499999999999998,-0.6047475616349907
6.91125,-0.4647749946850084
123.5,128.17241845512407
11.233333333333334,3.3845173615027786
5.323333333333333,9.191561146613784
2.32,11.013964626312116
2.6475,15.916719935280646
0.155,0.9301759049679852
3.7,6.89818172569294
0.3566666666666667,4.7428067483035505
7.846666666666667,-3.6695923300478306
2.4933333333333336,1.5231615528153615
5.82,1.5558160905946181
0.735,6.488548975983798
2.33,3.3004144370769577
4.4,-7.876520789745754
48.0,31.87465957907052
4.53,7.845322853873963
0.58,6.898298377082366
0.13,2.164495859049385
0.41,0.27846550755114485
6.496666666666666,7.227978483392105
3.5,2.420206320469644
91.2,66.83106122834113
2.82,0.7166982499399346
0.25,3.6421687580585242
2.04,1.5283806086005214
0.07,2.4803414871871485
110.0,54.61670385455717
6.923333333333333,2.8209118599302982
3.583333333333333,4.606359515886158
0.48,0.12098867193811991
2.425,1.3908176078074987
5.5,6.638456340162746
0.135,-2.2901091988422415
2.425,1.6077323181868426
2.7099999999999995,20.239509388089445
0.9066666666666666,-0.6831028596057891
4.81,7.167714334118697
4.3,-53.72978602076982
0.435,-4.003128534206514
5.7,-1.759455614247063
2.0,12.735026986656866
6.0,1.3862129597038795
5.75,9.664796832516075
1.86,2.793128198128775
1.85,-5.538905143383634
88.155,69.12494132025476
1.675,0.5575022949481792
3.25,6.826174295798969
5.62,-11.20886362250021
2.27,6.33457106586518
4.216666666666667,-19.112469461788844
0.9,6.962503161014602
2.13,5.945404877897232
0.42,2.4499417216808226
2.47,-1.8831463980581553
11.8,15.629395965536283
2.8920000000000003,-5.3025544585436215
0.46,-6.312458497315262
1.8,4.009568937007584
25.5,28.519855546298523
1.52,0.3987503871189553
4.55,4.33286939966556
7.27,1.8280193021559228
1.2,18.419594149125523
2.76,-1.2899173048427421
0.8,1.3656042202310221
2.38,4.057489319850568
0.75,4.5569197613681744
1.12,0.03627066506586196
1.3,-0.6876660250232547
2.3,40.57871488367605
3.6,-9.513013932615088
1.4,5.271873348896335
0.58,-0.9636710030550439
91.62035714285716,69.05374820614105
89.762,64.59371936339002
4.25,13.209118603316936
8.253333333333332,-3.176054745253232
1.3,-0.9964243146751528
1.7,15.732694186869502
1.85,2.8731228828862854
1.9,-6.067333720471407
34.0,48.207854154523005
10.0,-12.245834297511323
4.635,6.135541188021776
1.0,12.95471733175456
2.0516666666666663,-1.5565490725837776
0.8825000000000001,-5.776013571628933
2.1300000000000003,6.60374400581812
3.35,-4.606255667238312
3.15,5.605216201953242
5.9,0.8678289553682124
1.83,1.8398952567958258
0.92,4.796367620484483
3.7,-5.568308554003725
90.7,71.54881682941082
11.796666666666669,11.339318280153563
1.61,-5.253218458804707
0.86,5.431183817034437
0.8,-1.4280125895132016
9.5,3.354330523323224
0.87,-0.2701844430957472
118.05,116.07377152463009
4.993333333333333,4.332869399665588
3.5,5.658127513868916
6.0,6.940115419062069
1.4,7.086441150240352
4.25,-4.998200511469587
2.1,-5.414185024256259
0.85,6.893752307314145
1.2,-0.01509048002560931
86.13181818181819,62.57825454855835
1.07,4.311206625977967
11.0225,5.357605576760482
0.9,-1.9201081499499075
2.686666666666666,9.016182566284934
0.22,-7.675648250220394
6.0,9.213826169407131
2.87,2.267211874080239
0.41,3.8752998297110004
2.28,3.3004144370769577
2.7,1.3236145350646478
2.55,6.953112895007827
7.61,-2.7099431443925077
4.4,3.188824043838771
5.7,-0.04837082465657261
6.1,4.1182341702363985
8.0,7.04287414755837
35.0,18.99458710006909
4.655,1.3160790988487303
0.69,-2.9375475816398335
7.497,-2.7099431443925077
0.4549999999999999,-5.8632783017734305
