label,prediction
4.655,6.011672228393929
4.086666666666667,2.7338773799988
7.5,12.658634058520326
6.6925,7.162217089012918
27.566666666666663,4.012003329656819
8.25,7.841020684275099
1.78,1.225612837475941
4.75,-4.679163297910103
3.49,0.5927065353472631
1.17,5.4066092503034735
2.22,-4.886349263877299
9.516428571428571,0.413691129695005
1.24,-3.0029132822160047
1.15,2.948722598611445
0.92,2.3196509281662028
10.0,3.5030124694549425
2.28,4.21374021189906
0.8825000000000001,-3.877338021714154
2.7,-21.05180093576145
3.81,-2.1509176338131724
3.27,9.888286055186432
3.1,13.354172820052648
2.1,-0.9557578837235727
9.9,4.176321957405436
7.4775,8.551349451593852
4.7425,13.860311158306766
3.8,12.222413474123327
2.13,3.319415457484917
29.775,35.72228081766617
7.61,0.11416630157533625
108.125,81.85934454565765
2.85,-10.144093400860653
15.0,23.58698384666323
0.4,10.554521288636574
8.003125,20.303074834211863
5.483333333333333,3.3150158901765305
3.8,-3.058350718059124
2.95,1.5297409159825683
91.2,69.71575155361049
91.62035714285716,69.39943218372251
8.6,0.5605640774150871
3.2,1.4038584154149127
1.78,0.5505105080235069
11.0225,-0.9658484203304969
3.82,4.212612393350534
0.94,-3.3847458259334466
0.7150000000000001,-1.578298256665402
88.155,69.84667702530767
2.39,4.51024045653948
1.76,1.5002797734901367
0.87,0.751173566023418
1.65,-7.741317840539978
1.3,2.7458675910156387
3.57,4.838104275183136
92.0,69.48378065953258
2.786666666666666,10.952898352719801
50.0,7.106814578109505
5.9,14.909935137873207
9.985,5.020250704663001
86.5,69.9921432459329
0.93,-4.591594908566986
3.7,9.307227690153217
3.875,1.7265215608511948
11.4,9.825416170968575
2.0,5.067325756445543
0.58,9.708553372443065
1.04,-0.7467416595352816
2.6,-1.37810536611798
5.492222222222222,2.5896773387768253
1.4,3.5239219336134884
2.5,5.081589572480821
6.3582857142857145,3.039802750627544
0.35,-0.03956933325224554
1.85875,-1.1652340808485615
3.575,4.015958077945536
3.3294444444444444,9.19124276109085
5.878461538461538,8.380647227793764
7.5,-7.407912306393648
2.76,2.102259028130062
1.24,-1.165410452230887
3.1333333333333333,-0.6187663734327469
35.0,18.150142484384034
0.914,1.8608085360742042
0.30475,4.056391709684386
1.3066666666666666,6.2889209792523975
40.0,3.1532189757045064
7.0,6.592480204680411
3.7,11.313477626539443
6.38,5.937079959648353
0.39,3.579180614259437
1.58,4.746435929897684
1.625,68.93382831629707
3.05,4.995410635721393
1.07,2.5618566596430306
34.0,57.32761563976788
3.755,5.076383191546837
2.04,9.807855415203287
4.226666666666667,0.17405200212234817
3.19,7.415509333852478
2.1792,1.4557232364183879
3.32,-1.176232293780556
2.3,5.397148603984929
0.135,-4.4932459129184945
1.65,1.2027013749554438
6.76,-0.7927936854355355
3.4,-25.488080920514527
3.26,418.72456802503376
5.8,-6.099986454090613
8.0,7.457532274413792
69.3,85.27419835464467
3.47,8.62995294621948
4.189,-3.3890695011241725
2.3,6.192914125806295
0.97,9.652626859028528
1.315,5.206093709284806
3.6,-2.2231558159024036
2.145,3.1177095333321585
2.79,3.3236946290417553
3.075,9.879167202110375
2.55,0.4759483870945953
2.98,1.8514088744917796
7.03,6.972014336939209
3.2,33.93961503340115
3.3,-0.5673496508020168
0.82,1.8328004974390186
4.4,0.4321476000670508
1.4,25.7721370387249
1.48,1.4277821757994964
0.8,3.351287206507486
71.0,71.29931880592346
5.0,-1.7092448406122234
3.65,-10.853730771811346
6.7,8.645594306368308
1.68,4.723697135957133
0.42,-1.8097226464498615
5.09,2.8349304793112378
0.6766666666666666,0.36584642724332106
3.0,12.571212011193518
31.5,26.706588235066683
20.125,41.30320244220499
0.69,1.4186766185809354
2.22,5.927289124595385
2.7700000000000005,12.396428418839688
2.12,-0.4409161453227828
4.35,3.2388487745260512
6.859999999999999,9.265732156187008
6.0,48.01294359111002
1.2,3.5655454824309807
69.35,74.1338888522046
1.23,-0.10845673358812036
2.97,0.7778667051445307
1.6,11.16884609444656
4.1,-0.5765148894459724
3.583333333333333,6.496830000340102
48.0,17.371849884280515
11.233333333333334,7.286171941146504
5.933333333333334,-3.131797631618719
2.3,3.445117895317228
1.1,3.833097173885884
7.497,0.11416630157534335
2.065,2.5154810664309206
0.6692222222222222,3.078968873263353
0.935,1.5794757598261935
3.9,5.65543531944512
