label,prediction
3.47,3.882623944184431
0.0241,8.575827685813039
7.0,2.7950939693907717
2.1,2.811702442372676
6.125,3.886361578285731
2.3,3.1762684079575085
3.1,2.952321865864639
3.74,2.982317286483486
1.72,3.205740369366546
33.0,20.476335170599157
6.641666666666667,4.372770096257965
3.875,3.774085332369741
4.35,2.952321865864639
1.0,3.0854239479663157
12.0,13.50780880900795
2.3,3.016388643753405
28.0,83.19882356081042
2.38,3.539554244694281
5.977142857142858,4.549221460684706
1.07,3.1915135250276436
3.9,2.947231476221682
6.2,3.0044524503742776
5.8,3.232599193155921
4.2375,3.4951079974379153
1.2,3.016388643753405
0.37,3.173619892151909
3.895428571428572,8.625836164046017
0.73,3.02135717007755
2.9,4.159808611633162
1.5499999999999998,3.0044524503742776
6.91125,7.130504434259265
123.5,119.80591512771949
11.233333333333334,2.9650263848791374
5.323333333333333,3.073230804633488
2.32,10.171454526791686
2.6475,5.647799820250488
0.155,3.24265519636482
3.7,4.811611560216144
0.3566666666666667,2.895991080666227
7.846666666666667,3.5789864865786463
2.4933333333333336,2.952321865864639
5.82,3.7389790772928597
0.735,2.895991080666227
2.33,3.06078323557269
4.4,5.4268608959145705
48.0,37.193911890630844
4.53,5.527834419847633
0.58,2.952321865864639
0.13,3.3289693186539404
0.41,3.237686670040675
6.496666666666666,9.044142597079187
3.5,4.684562050885084
91.2,78.55436412371867
2.82,2.952321865864639
0.25,3.3640551289157443
2.04,2.772081039056289
0.07,4.274785571584976
110.0,67.11320297546587
6.923333333333333,3.267413939136952
3.583333333333333,2.822431703434084
0.48,3.0044524503742776
2.425,3.259934014441029
5.5,5.613415307348352
0.135,11.452775944742568
2.425,2.952321865864639
2.7099999999999995,16.18069596052238
0.9066666666666666,3.02135717007755
4.81,3.753616890582779
4.3,4.4455240917996885
0.435,3.576454560633531
5.7,3.0044524503742776
2.0,3.1762684079575085
6.0,2.6676498299233997
5.75,4.533557415933428
1.86,3.589678680194132
1.85,2.8691322652415403
88.155,80.4239597872971
1.675,3.181632792383967
3.25,3.3315041744405733
5.62,2.6879806151218126
2.27,3.107490053698298
4.216666666666667,3.016388643753405
0.9,4.264996854293505
2.13,3.6550123049539374
0.42,3.1983384129704584
2.47,3.0044524503742776
11.8,6.264523010291425
2.8920000000000003,3.1685295025089517
0.46,3.0800753670498553
1.8,4.626734400263415
25.5,3.9648160225626348
1.52,3.235351108367219
4.55,3.016388643753405
7.27,3.8385573499480388
1.2,3.322762336377339
2.76,2.952321865864639
0.8,3.3640551289157443
2.38,7.309600721541836
0.75,3.02135717007755
1.12,2.9249841318213274
1.3,3.742985955785124
2.3,6.666449469193134
3.6,2.811702442372676
1.4,3.8385573499480388
0.58,4.137060756245134
91.62035714285716,79.30213430936634
89.762,77.82574470813424
4.25,4.230088683770239
8.253333333333332,3.0430193859227552
1.3,3.6959344867661605
1.7,3.0386359881537595
1.85,2.952321865864639
1.9,3.171479878981933
34.0,46.47566369914807
10.0,3.0640304227389055
4.635,3.7842828792123897
1.0,3.147630493272857
2.0516666666666663,4.408352094013977
0.8825000000000001,4.598498164673735
2.1300000000000003,3.4868914473469745
3.35,3.39109006494379
3.15,3.2257740154122567
5.9,3.2679993739100377
1.83,3.415183343961637
0.92,3.0044524503742776
3.7,2.9299526581454725
90.7,81.46812215465597
11.796666666666669,3.02135717007755
1.61,2.952321865864639
0.86,4.435230624559381
0.8,5.110650045162752
9.5,3.636223630479718
0.87,2.969378723640612
118.05,83.15077658718931
4.993333333333333,3.016388643753405
3.5,2.9650263848791374
6.0,3.0044524503742776
1.4,3.449491585219954
4.25,3.213278659667826
2.1,5.13659808240304
0.85,2.804586568734149
1.2,2.895991080666227
86.13181818181819,78.55436412371867
1.07,3.0685192282630434
11.0225,3.171556831587064
0.9,3.02135717007755
2.686666666666666,3.289796490506453
0.22,2.8609173539325616
6.0,2.9650263848791374
2.87,4.447243293644308
0.41,3.447270255418818
2.28,3.06078323557269
2.7,3.360757919410406
2.55,2.952321865864639
7.61,3.5514387826363283
4.4,2.895991080666227
5.7,3.215317462321509
6.1,2.952321865864639
8.0,3.1672660794348424
35.0,17.192078601032463
4.655,15.3186285209655
0.69,2.822431703434084
7.497,3.5514387826363283
0.4549999999999999,2.8609173539325616
