label,prediction
4.655,3.5450107523305965
4.086666666666667,2.940690793122104
7.5,4.029727843965249
6.6925,4.483104475965544
27.566666666666663,4.085859847566241
8.25,3.4118069897373986
1.78,4.099163548606767
4.75,4.711179933167839
3.49,3.0364883838482717
1.17,3.0121975428487824
2.22,3.106353102886751
9.516428571428571,3.754885077676569
1.24,3.7093431746842462
1.15,4.423921472325682
0.92,4.314278800596856
10.0,3.2706414450741534
2.28,3.128668729245693
0.8825000000000001,3.2059701612805815
2.7,4.292581149121757
3.81,2.8741535524463493
3.27,10.231973526355217
3.1,5.335419979062495
2.1,2.810911190043214
9.9,3.0528645650950805
7.4775,2.810911190043214
4.7425,3.249941982926207
3.8,4.844587815929635
2.13,2.8920177725964087
29.775,21.417921167410928
7.61,3.9600413385458273
108.125,91.27329576027378
2.85,3.556480524644171
15.0,14.320680374301258
0.4,2.9230849620161914
8.003125,7.361328008582551
5.483333333333333,3.169121347819496
3.8,4.375518822565676
2.95,3.147365215036616
91.2,81.78413018570603
91.62035714285716,80.58690789679046
8.6,3.0039331555252398
3.2,2.982701810961431
1.78,3.7577647589429093
11.0225,2.9897652841427003
3.82,3.0121975428487824
0.94,3.556480524644171
0.7150000000000001,3.075439905251918
88.155,76.87093970951557
2.39,2.940690793122104
1.76,3.0121975428487824
0.87,2.8741535524463493
1.65,3.0121975428487824
1.3,3.3566811916515094
3.57,5.411808404256307
92.0,71.9138455790397
2.786666666666666,7.163103262427216
50.0,4.107039976693492
5.9,4.0193689456162796
9.985,5.26501404264363
86.5,82.88387950629286
0.93,3.2380235562036965
3.7,5.708913781915442
3.875,4.578451478763499
11.4,3.5692403438848523
2.0,3.1887519583406227
0.58,3.3176514296994304
1.04,2.800166254015605
2.6,2.9405590139365794
5.492222222222222,3.1438679961657274
1.4,3.269121154940341
2.5,2.940690793122104
6.3582857142857145,3.0975275414032404
0.35,3.7995681442871394
1.85875,2.862792584401544
3.575,2.8152086044671476
3.3294444444444444,5.322661284233066
5.878461538461538,3.520076025250404
7.5,3.9682780824530317
2.76,3.0121975428487824
1.24,3.1839881637669993
3.1333333333333333,5.175928090405454
35.0,7.126280659081071
0.914,3.0121975428487824
0.30475,3.9467805873681305
1.3066666666666666,5.126362068426541
40.0,4.9758116433323885
7.0,4.267340434380524
3.7,3.1513529405035743
6.38,3.125600964680863
0.39,3.0121975428487824
1.58,3.992961840153433
1.625,30.523394427377163
3.05,2.874010470995595
1.07,3.012789610407198
34.0,50.234636527363975
3.755,3.950492468405109
2.04,3.766056982977505
4.226666666666667,2.9230849620161914
3.19,4.281363262527707
2.1792,3.839728129233245
3.32,3.0121975428487824
2.3,4.292581149121757
0.135,6.768871418026758
1.65,3.0121975428487824
6.76,3.972037782598347
3.4,3.1867222994864695
3.26,3.4083800141039937
5.8,3.722431677700494
8.0,3.206982063981856
69.3,75.54729898024407
3.47,4.110081372990184
4.189,2.810911190043214
2.3,2.893310045497086
0.97,3.4755979754273563
1.315,3.571840906071519
3.6,2.810911190043214
2.145,2.874010470995595
2.79,2.810911190043214
3.075,5.336430213369684
2.55,3.106353102886751
2.98,3.260801491901872
7.03,5.0659201078954315
3.2,2.7706930169801174
3.3,3.790126634289659
0.82,2.9230849620161914
4.4,3.0121975428487824
1.4,3.182266138138408
1.48,2.9230849620161914
0.8,3.043349278926575
71.0,75.71619457808376
5.0,4.053027483303431
3.65,3.11733657735732
6.7,3.6633732249594226
1.68,4.342348825781693
0.42,2.8741535524463493
5.09,3.0079344470901987
0.6766666666666666,3.0121975428487824
3.0,5.170385826880913
31.5,22.4504000186595
20.125,27.930976377948554
0.69,3.0121975428487824
2.22,3.106353102886751
2.7700000000000005,3.2174684725180547
2.12,3.726324707401165
4.35,3.120745801363864
6.859999999999999,3.191137590438583
6.0,24.32336651875902
1.2,3.2334071078345494
69.35,69.97376257124061
1.23,3.120745801363864
2.97,3.105843830126989
1.6,3.106353102886751
4.1,3.210607577439751
3.583333333333333,2.810911190043214
48.0,35.03661756155905
11.233333333333334,3.0121975428487824
5.933333333333334,6.417870626447657
2.3,2.874010470995595
1.1,3.0121975428487824
7.497,3.9600413385458273
2.065,3.0121975428487824
0.6692222222222222,3.0121975428487824
0.935,5.706981728289066
3.9,5.102234807987105
