label,prediction
1.47,4.884648095057885
1.4,4.222246346708246
6.0,3.989575962465401
1.342,20.00922850035382
1.35,3.176736605430631
1.835,3.113287727804688
3.5866666666666664,8.849416409782773
2.3,14.85636281921883
7.846666666666667,3.4872962507353584
2.75,3.82297363080488
11.165,3.1079443144987073
2.1,3.0486915905772536
1.9,3.308199001302492
2.98,3.0491631270962407
1.7,3.07904815823021
25.0,49.502228061224486
20.125,31.676118197269126
3.1333333333333333,4.449729833032668
2.1300000000000003,5.365723098800971
1.545,2.9666612403323818
0.46,2.882063983517046
6.0,20.46131197848188
1.6,3.6213270005824496
8.0,3.199634558212986
1.62,2.976869586965054
2.65,3.787783525532551
0.85,3.2296067048375767
0.67,3.286353671001296
0.87,2.9984227209454004
0.0049879999999999,3.3903980132638365
5.09,3.319812189327961
2.38,2.8949592875470933
4.1,2.964094333761918
0.1733333333333333,3.189974664743579
6.3,3.6611749865028513
2.04,3.094706255185759
1.15,2.882063983517046
3.075,6.433351753150828
8.946666666666667,3.1450639424266162
4.425,3.204323320756424
2.0,3.6320321121228054
0.58,3.5991066436942383
3.23,3.616969778553089
5.5,4.826954445419426
3.025,3.061586894607301
0.7150000000000001,3.0286904709893525
1.675,3.500118781720956
1.07,2.882063983517046
4.4,2.961490030120187
3.2,3.320383282162677
2.1166666666666667,3.176736605430631
14.85625,5.521303506249512
6.09,3.7114581587259465
3.35,4.493421484037499
1.1,3.4670097696349833
7.5,4.167724894857248
1.3,2.882063983517046
0.6766666666666666,6.001251681927552
3.66,2.9480797677134527
0.14,3.1450492084177073
1.61,3.0286904709893525
7.7,23.503102026159016
2.35,3.618794052809858
16.461333333333336,6.149133600912963
7.5,4.318160251004524
15.89,6.873361666111398
0.9,2.882063983517046
5.8,2.8949592875470933
3.6,3.0486915905772536
5.6,3.7830148312773653
2.1,2.882063983517046
0.35,2.9666612403323818
1.35,3.8207573391806564
0.75,3.1464688553866784
2.59,3.0436763305535557
9.516428571428571,3.2230239805982057
2.66,2.7802881001671786
3.575,5.2637614624168085
5.42076923076923,10.292644906573164
0.72,3.5691889868348783
2.1,3.2540707053622704
1.85875,3.113287727804688
2.47,2.882063983517046
0.066,44.42916544246088
0.32,10.386543973558961
0.7,2.8949592875470933
5.0,4.572167453716255
3.2,3.3508908224473783
6.7,27.80662579646413
110.0,51.67221908990896
1.0,3.3597901155033285
2.55,2.9480797677134527
3.82,3.204323320756424
4.25,6.034353374650495
4.75,3.849667334345451
3.895428571428572,5.473298247488259
6.2,3.0486915905772536
2.28,3.113287727804688
2.2,3.0233470576833716
9.5,4.969534195139667
0.914,3.2270795586625787
3.9,4.104354664121841
0.6692222222222222,3.0286904709893525
4.1,2.882063983517046
1.24,3.4975103613281986
6.09,5.594668927067107
3.35,13.08964820719326
4.7,3.0286904709893525
1.9,3.370726235394625
69.35,58.05310756754244
2.3,3.094706255185759
108.125,62.32054054228511
5.254285714285714,4.934061060102093
0.9,2.9666612403323818
5.7,3.2022594709870034
31.5,20.61109680647522
86.5,83.8257395240216
1.0833333333333333,3.113287727804688
5.7,3.435337106630969
3.175,3.1467521610425444
1.17,3.157959246456664
0.75,3.4325348283458745
48.0,69.97005594327028
3.1,3.094706255185759
3.9,4.977632441208037
2.98,3.8730186994426665
2.09,4.143214008825103
6.15,3.7114581587259465
3.1,3.3489963596371894
2.82,3.103213645357748
0.58,3.0233470576833716
0.9,2.7802881001671786
2.89,4.948376648937424
1.415,5.4307116867161165
8.2,4.572636940257768
3.3,7.579496023023156
4.6,3.226168651057621
3.15,3.7847788722357016
0.435,5.847678608208608
11.0,24.46273190053396
7.6,3.839700648628355
70.0,72.0571535655449
6.0,12.821217123516902
1.4,9.570051248106846
1.04,3.07904815823021
1.0,3.0804530711902722
2.4933333333333336,3.07904815823021
8.5,12.105750720049112
11.233333333333334,3.508386627649178
6.8,7.3789969780074305
2.425,3.4687734152860052
11.4,4.556908818732792
4.75,4.600769210277724
0.73,3.2786800965762053
7.833333333333333,3.0712199510419467
3.76,2.882063983517046
2.91,3.103213645357748
71.0,65.90850582611833
2.7,2.882063983517046
2.2,3.7442051193937855
5.4,16.275445589520324
1.5666666666666669,3.1491535608364467
2.0516666666666663,3.2377739074782026
13.0325,10.947354992540822
